00000000001100000000010110010011
00000000000100000000011000010011
00000000000100000000011010010011
00000000110101011101010001100011
00000010100000000000000001101111
00000000000000000000011100010011
00000000000000000000011110010011
00000000110101110101100001100011
00000000110001111000011110110011
00000000000101110000011100010011
11111111010111111111000001101111
00000000111100000000011000110011
00000000000101101000011010010011
11111101100111111111000001101111
00000000000000000000000001101111
